0186027
0281014
0286030
9755527
0156017
0156049
0156062
0156063
0156064
0156065
0156074
0156085
0156100
0156101
0156106
0156109
0156113
0156115
0251283
0256001
0256014
0256033
0256040
0256066
0256068
0256077
0256098
0256113
0256122
0256126
0256127
0256128
0256129
0256130
0256513
0256515
0256527
0256532
0256548
0256606
0256624
0256628
0256631
0256642
0256711
0260203
0260219
0010020
0012036
0016002
0016016
0016026
0016102
0016305
0240042
9817142
9817160
9817248
9917034
9917038
9917040
9917066
9917137
9917163
B021524
